10 12 16 20 24 30 32 36 -1
20 25 50 65 80 105 110 140 145 170 185 200 225 230 -1
20 25 50 65 80 110 140 145 170 185 200 225 230 -1
20 25 50 65 80 105 110 140 145 185 200 225 230 -1
20 25 65 80 105 110 140 145 185 200 225 230 -1

21 26 52 64 79 107 109 140 145 172 185 200 225 230 -1

(20-30-40-45-55)
0 10 15 20 25 30 45 50 55 60 70 71 75 90 100 105 110 110 114 135 142 160 161 165 180 205 220 220 250 275 -1

(20-30-40-45-55)
1 10 16 20 26 30 45 50 55 60 67 70 75 90 100 105 110 112 115 135 140 160 161 165 180 205 218 220 250 275 -1

(20-30-40-65-55)
0 9 15 18 25 30 43 50 52 57 70 74 90 90 100 104 108 110 135 140 157 165 165 182 218 220 220 273 284 350 -1

(20-30-40-65-50)
0 9 15 19 24 30 45 49 50 60 70 75 89 90 100 100 105 110 135 140 148 151 163 180 196 220 223 248 287 350 -1

(30-40-50-65)
0 15 22 25 44 50 59 75 90 100 100 105 135 137 150 155 166 180 200 220 224 250 285 350 -1

(30-40-65)
15 20 25 45 61 75 89 100 105 133 140 155 165 182 195 220 222 223 260 285 301 350 416 480 -1

(59-23-37-47)
0 15 20 25 43 46 62 65 74 89 94 100 112 129 134 136 141 158 173 180 188 194 210 235 247 249 282 282 310 329 368 428 -1

(59-23-37-47-uzun)
0 15 19 26 43 47 61 66 77 89 93 97 112 133 135 136 141 158 172 181 186 193 204 211 227 234 247 249 251 272 281 284 310 320 329 358 369 376 396 421 428 433 468 487 516 547 605 663 -1

(20-45-64-92-uzun)
0 5 14 25 35 46 54 69 75 88 95 115 117 132 135 137 155 175 180 195 197 211 215 225 235 261 270 299 315 322 360 389 393 405 449 453 485 495 520 577 581 645 669 709 761 853 951 1034 -1

(periyodik grup artan - 10 12 14 16 -)
10 20 32 46 62 110 120 132 146 162 -1

(periyodik grup artan - 10 12 14 16 - diðer deðerler dahil)
10 20 32 34 46 48 62 110 120 122 132 146 149 162 -1

(periyodik grup artan - 10 110 214 323 -)
10 110 214 323 510 610 714 823 1010 1110 1214 1323 -1

(periyodik grup artan - 10 110 214 323 - diðer deðerler dahil (20-40-60-80))
10 20 40 60 80 110 214 323 510 610 714 823 1010 1110 1214 1323 -1

(periyodik grup azalan - 10 110 205 297 -)
10 110 205 297 510 610 705 797 -1

11 15 22 30 33 41 44 45 55 60 66 75 77 88 90 99 105 108 120 131 135 150 165 168 180 220 229 292 309 389 399 450 510 570 667 730 791 852 -1